 covariance 1
h_pzmu_ptmu_databkgsub_unfold_effcorunfoldingCov
0.0000,-11815.4020,-10068.2067,187.8663,-141.4916,-393.9676,-562.0218,734.9706,-792.3763,60.2364,89.7306,-88.6489,5.0937,0.0954,-32909.1038,-53525.4633,-7661.6548,907.8141,-1208.7263,-2230.6987,-461.8992,-1016.3296,-1351.7756,-87.7712,81.0438,114.0961,-4.8619,2.6723,-20910.2375,-2208.1290,6483.8438,2345.8342,76.3277,-1178.5119,197.6771,-2529.4793,-4741.1720,-1486.7211,-1203.6605,-7.7272,44.9825,18.8032,5444.9975,5904.0785,2990.2782,1414.6962,267.9855,93.2477,386.6798,2429.1703,-287.1676,-2423.8744,-1760.9794,110.6486,149.5900,-4.8746,326.4303,190.2516,-19.7529,-68.4689,216.1010,-52.3257,-125.0674,499.3295,807.3255,623.0869,-948.4423,621.0441,-488.6478,-137.2108,-162.3153,-271.8926,-148.1337,-8.1081,-6.8838,131.0809,6.6895,94.7470,-57.2254,292.4672,-702.1131,-81.5489,-508.4821,-111.4171,-10.1559,-25.6933,-29.3060,14.5019,-16.4250,15.7581,118.9512,139.8621,-275.4086,231.3744,400.2838,-28.3204,-406.4844,91.9216,2.1207,2.4921,-2.5162,-2.6161,9.9461,-7.4958,53.3205,54.0763,74.7213,33.9995,-45.3143,141.9988,-5.7298,-67.4745,0.0260,0.3099,0.6831,-2.4565,-8.1741,-4.4255,-3.9887,6.4375,15.8388,-15.5107,30.4300,7.4974,31.7826,-7.1801,0.0000,-0.0007,-0.0979,0.5765,0.1714,-4.0607,-10.2853,-11.0473,-1.1566,14.2119,29.5007,-4.9719,-25.9897,7.1120,0.0000,0.0000,-0.0028,-0.1882,0.2729,-0.6630,0.1313,-2.5672,-4.7616,-3.1093,2.1402,2.2058,-0.2770,0.6428,0.0000,0.0000,0.0000,-0.0002,-0.0235,-0.1880,0.2365,0.3059,-0.2994,-0.2563,0.4074,0.6037,-0.0281,0.2172,0.0000,0.0000,0.0000,0.0000,0.0000,-0.0002,-0.0038,-0.0070,0.0522,0.0178,0.0751,0.1614,0.0760,0.0049
-11815.4020,0.0000,11837.1622,-24061.5449,-3737.6729,1102.6369,-442.1654,-1790.3192,1967.8937,-764.0572,-595.3642,682.8604,-141.9306,-7.2973,-44241.8428,-2178.2474,-86325.6483,-23710.3919,-47.5200,-395.8999,-2010.7808,106.6516,953.7744,-891.7310,-88.4462,-744.0143,47.5793,-22.4507,4086.9982,-50886.6535,-17215.3938,2721.9880,2816.9583,6529.7275,165.6679,-3595.5725,-3417.9370,-3596.5685,-525.6540,-932.9265,21.3630,-76.8285,2896.6888,7864.6763,8728.4966,7214.5188,3012.8345,566.2359,-719.6383,-1680.2686,-652.6311,-774.6517,-772.6776,-438.4946,-224.9817,172.7788,-445.4263,1515.2611,2197.2206,1259.6500,948.2499,449.1761,278.5409,443.5779,573.0854,475.6854,617.6412,9.4905,-102.7505,-47.6289,-87.9880,-397.8882,-655.9180,-283.2827,-139.9793,52.7993,148.8324,606.9827,503.3044,-702.7979,-120.5914,14.7960,75.0437,-71.6344,11.3566,-37.0043,-109.0364,-135.2564,-122.9211,-50.7112,65.9857,217.1213,232.1701,40.6762,-84.9850,-50.2879,-61.0484,-29.6192,1.0048,6.8690,1.4516,-15.4059,-26.1434,-19.5196,66.3408,34.0288,-162.8876,34.8985,67.8788,69.9042,-36.1364,-20.3273,-0.0066,0.2526,1.7580,0.2366,-6.2570,-14.3548,19.1098,51.6296,-457.9390,-284.2447,-105.0371,62.6698,35.1351,-12.0485,0.0000,-0.0133,-0.0992,0.4274,-0.4400,-3.6226,-13.1947,11.3223,44.9070,-116.7290,-108.0958,7.7709,17.0924,6.5221,0.0000,0.0000,-0.0070,-0.1250,0.1551,-0.1589,-2.0385,-4.7892,0.5574,13.5812,9.3684,6.6257,5.9199,2.8325,0.0000,0.0000,0.0000,0.0001,-0.0380,-0.0527,0.2094,0.1892,-0.4382,-0.5368,0.1191,0.7663,0.6284,0.5402,0.0000,0.0000,0.0000,0.0000,0.0000,-0.0003,-0.0019,-0.0024,0.0340,0.0045,0.0245,0.0661,0.0276,0.0213
-10068.2067,11837.1622,0.0000,41603.2322,-40851.3648,-7026.1738,-1301.7834,-164.6085,-943.3719,110.1708,-47.6105,-86.6490,4.3761,-3.7518,-2348.4531,-79583.8190,19956.2536,-109996.1329,-58187.6448,-8242.9798,2920.0992,2768.1930,-1045.1237,-2223.8330,-886.2232,-250.3706,97.2621,23.9671,3577.3382,4192.4438,-51059.6478,-33133.4519,1097.7609,10060.5107,6599.5055,1177.2248,-281.7204,6.4481,-337.4626,416.8951,-124.1941,-72.6750,-182.2641,5101.0767,6994.1351,9650.9299,10755.6273,8095.3327,4122.4610,2535.2479,960.0004,413.8276,-328.8801,-176.6284,-227.6696,-230.5354,-211.4132,-550.4081,1132.1246,2962.0456,2408.4898,1066.4935,357.2948,531.3971,902.8309,232.1072,-126.2993,-78.2819,-42.3320,-70.9493,-1.2800,-162.5521,-456.8291,-560.2777,-578.6553,-388.0911,-352.2554,-210.7893,205.3660,21.5890,245.2265,-31.7211,-128.0566,-31.0783,7.3365,15.8802,-37.9894,-140.5433,-248.6015,-277.1477,-54.4579,-83.2840,18.5565,198.0249,69.5265,163.0272,-15.0487,-23.7018,0.0013,2.9388,8.4178,2.4149,-7.1402,-24.8187,-45.3768,-39.5067,-1.0342,24.7132,41.1201,11.3284,32.9256,2.2124,-0.0105,-0.1379,0.2994,1.6401,2.3067,-0.2229,-2.2515,-1.1484,-41.9665,-131.7119,-3.8240,11.6785,7.1314,4.2940,0.0000,-0.0077,-0.1745,0.0329,2.3416,0.0730,-1.7978,-0.3012,2.2212,-11.3587,-9.6618,4.6172,4.5674,4.3907,0.0000,0.0000,-0.0024,-0.1257,-0.1865,-0.2501,-0.7326,-0.4524,-0.3393,-0.2334,-0.3998,0.8864,0.8380,1.3435,0.0000,0.0000,0.0000,0.0001,-0.0165,-0.0482,-0.0398,0.0309,0.0377,-0.0199,-0.1933,-0.1435,-0.1364,0.0333,0.0000,0.0000,0.0000,0.0000,0.0000,-0.0000,-0.0003,-0.0008,0.0040,0.0027,0.0053,0.0031,-0.0017,-0.0093
187.8663,-24061.5449,41603.2322,0.0000,86237.9335,-40654.3521,-21514.8721,-760.7691,-1602.6253,127.3051,119.7490,-133.8362,-43.3162,4.5733,2622.3772,-8805.2944,-118406.2539,55625.6235,-105557.5335,-85080.1157,-28793.0687,4292.4072,2831.0501,1778.7203,-992.6056,105.3271,247.4930,-48.9389,420.1808,9583.7099,1065.6146,-60729.0944,-50038.5457,-13194.4724,9710.8924,11699.4837,10042.0682,-1303.0275,-1922.7987,-290.2047,-311.2821,-18.6171,-384.5634,-111.0117,7687.9216,7545.5982,8050.5092,11282.3295,11310.2282,9304.9188,5706.0314,1988.9992,-1224.2350,-26.8168,46.8571,15.1974,-18.3886,-552.5982,-855.6412,1525.0512,4349.0055,4172.4751,2931.2910,1174.1306,617.9180,337.2926,250.1563,296.9071,140.7830,-109.4221,13.3528,11.9701,-220.2354,-569.3638,-893.0574,-758.2389,-616.6436,-298.5710,-322.3921,99.7748,226.5440,-4.4610,-57.5020,20.7604,0.9986,16.5131,28.8054,-32.1198,-167.8881,-340.1869,-396.0261,-399.2163,-191.2881,-56.4912,-8.1968,133.2715,-28.1675,-70.3080,-0.2370,-0.3323,4.6213,11.3601,15.2395,4.9407,-30.5061,-58.9474,-80.7632,-46.8726,6.6984,30.0179,34.3209,-68.3698,-0.0028,-0.2219,-0.6507,0.8398,2.3262,3.6304,5.5838,2.7155,5.0100,-32.2929,-14.2866,-7.0616,15.3736,9.6492,0.0000,-0.0001,-0.2761,0.6030,7.7444,0.4320,-0.0339,0.7991,1.0972,0.8857,-1.8089,-3.4024,-1.6887,5.7059,0.0000,0.0000,-0.0002,-0.2162,-0.0415,0.0873,-0.4352,-0.0952,-0.0975,-0.2974,-0.4198,-0.1565,-0.8255,0.7092,0.0000,0.0000,0.0000,0.0001,-0.0322,-0.1179,-0.1309,-0.0885,-0.0189,0.0233,0.0221,0.0101,-0.1424,-0.1743,0.0000,0.0000,0.0000,0.0000,0.0000,0.0000,-0.0014,-0.0039,-0.0029,-0.0018,-0.0003,-0.0019,-0.0010,-0.0179
-141.4916,-3737.6729,-40851.3648,86237.9335,0.0000,136642.6245,-25994.6991,-37042.3750,-9958.6301,498.5440,-229.2473,249.1707,23.8205,3.7676,1024.7370,7153.3755,-25788.7923,-133449.4441,88012.2196,-77161.0124,-122101.7967,-58407.7006,-11530.4412,1634.9561,1468.1636,-227.3010,-215.8501,-42.8361,-283.7564,1546.3425,16212.9147,-6150.6510,-53589.8606,-65307.2006,-28110.0834,4163.3399,13641.1089,11634.6757,1869.5430,-442.2185,-171.6899,-38.1781,-76.9841,-840.8204,413.2169,8834.9942,8313.7181,7685.4764,12186.7458,17319.6890,14184.9911,7784.5646,1301.0469,-449.1141,-102.1456,-7.4904,17.2830,-85.3827,-750.9851,-897.6683,1237.5692,4222.4094,5088.8062,4977.4006,3072.4779,305.0781,-369.2397,-472.2074,-34.1102,-54.3218,3.7923,28.9122,12.0546,-243.9580,-685.5929,-911.8167,-936.6940,-904.4086,-777.7432,-381.9474,-304.4402,7.2106,84.5528,-17.7361,-0.6447,3.2691,22.9344,32.0538,-5.6238,-159.6197,-344.4837,-515.3970,-516.2833,-360.8544,-111.9514,-31.3641,52.7736,-7.5428,-0.1261,-0.8166,-0.4627,4.7809,13.0253,21.3163,16.2768,-1.7722,-44.8894,-69.3408,-48.8286,7.9168,15.7135,-1.0245,0.0008,-0.1870,-0.6425,1.1181,1.1020,0.6222,3.7921,6.3696,10.5179,1.1458,-7.9510,-8.4626,3.4789,6.3851,0.0000,-0.0018,-0.3494,1.6553,12.8705,1.0865,-0.6351,-0.0403,0.6079,1.6314,0.5018,-2.3227,-2.0008,3.0330,0.0000,0.0000,-0.0065,-0.2745,0.4225,0.8614,-0.1188,-0.2728,-0.2654,-0.1108,0.0792,-0.0616,-0.5119,0.1093,0.0000,0.0000,0.0000,-0.0008,-0.0608,-0.1652,-0.1455,-0.1313,-0.0553,-0.0333,0.0224,0.0445,-0.0209,-0.0998,0.0000,0.0000,0.0000,0.0000,0.0000,-0.0006,-0.0032,-0.0064,-0.0046,-0.0036,-0.0025,-0.0015,0.0001,-0.0057
-393.9676,1102.6369,-7026.1738,-40654.3521,136642.6245,0.0000,188813.0914,-13564.0443,-51507.6255,-7841.3644,679.3775,-10.6550,7.6997,11.8241,199.9168,1285.2295,5598.0413,-51069.0214,-117233.5255,113462.4679,-14184.5009,-156626.9105,-85809.2151,-9230.6237,3467.8864,190.3020,-107.4377,-17.8705,-73.2191,-376.7390,5169.8092,17391.4870,-11325.2855,-55205.9477,-74354.2269,-60831.4783,-16554.0787,11773.4120,5957.0664,1604.2109,-149.9710,-137.0670,1.1272,-226.5200,-1038.9091,2061.4603,9267.3053,7992.0828,6203.7945,10265.0852,15009.5077,15526.8277,4700.5669,587.8889,-56.2295,-72.3400,5.3746,17.3415,-204.0506,-1008.8429,-962.5834,1350.5379,4560.0028,7669.1193,8006.7533,4125.0625,891.6556,-302.6646,-256.7297,-66.4268,0.1989,9.3647,38.4935,-13.7967,-294.9490,-675.7671,-917.9406,-1189.1147,-1134.9074,-720.7018,-710.1480,-60.3708,-93.0390,-2.1364,-0.3313,-0.3099,6.9920,25.0446,41.6431,-12.2036,-136.8549,-488.5424,-571.8060,-632.8220,-366.3507,-174.3521,-18.3906,19.2759,-0.0607,-0.3965,-0.9496,0.2869,4.1526,15.6685,25.1554,35.8667,19.3139,-34.6135,-67.6709,-19.4099,-4.0180,3.8548,-0.0001,-0.1342,-0.2425,0.9802,0.4997,-0.8309,0.4583,3.5311,5.4532,6.8786,3.1088,-1.3689,-0.7679,2.1425,0.0000,-0.0061,-0.2145,1.3055,7.6832,1.0605,-0.5807,-0.4203,0.0115,-0.0758,0.4965,0.1949,-0.2888,1.2384,0.0000,0.0000,-0.0114,-0.1392,0.5667,0.9933,0.1616,-0.2166,-0.2812,-0.0869,0.1015,-0.0212,-0.2117,-0.1387,0.0000,0.0000,0.0000,-0.0014,-0.0513,-0.0936,-0.0676,-0.0734,-0.0359,-0.0337,-0.0009,0.0225,0.0197,-0.0390,0.0000,0.0000,0.0000,0.0000,0.0000,-0.0010,-0.0031,-0.0046,-0.0038,-0.0022,-0.0016,-0.0008,0.0002,0.0003
-562.0218,-442.1654,-1301.7834,-21514.8721,-25994.6991,188813.0914,0.0000,274804.7849,12657.2671,-35139.1598,-3567.6159,101.8069,708.6753,-71.9135,77.1146,367.7213,4919.7901,421.9021,-72112.5450,-94840.7096,69595.9221,-13736.6733,-120707.8412,-78118.1426,-8547.3455,2693.2804,1317.4505,-42.8283,-3.3326,-302.4017,501.9506,10026.5082,13898.3607,-20068.1545,-64176.0460,-101679.4428,-75119.4948,-9402.4248,9312.8522,3622.5698,339.0710,196.8486,3.3144,-51.1558,-642.5261,-709.0617,3660.2597,11099.7496,12805.6472,9873.5854,7959.2738,18422.7490,12351.9730,3331.6143,240.6472,-94.0736,1.5398,19.9607,-9.2476,-462.2503,-1184.7301,-902.9815,1412.0107,5678.7905,9451.6297,8087.0125,2822.0945,444.3205,120.2487,-109.9388,-0.2349,2.4832,22.9132,39.6838,-55.4806,-381.2574,-847.9539,-1474.0127,-1707.4103,-1254.3807,-765.9520,-128.3754,-228.1272,2.6866,-0.1968,-0.6760,1.0516,11.4551,35.6366,44.2847,-2.1659,-200.9874,-444.4704,-800.1799,-629.6346,-363.9158,-87.2891,-2.8269,-0.0166,-0.2543,-0.7428,-0.9803,-0.0232,7.8459,19.6458,39.5760,55.0538,21.5949,-54.1715,-49.1231,-28.8607,8.7484,0.0017,-0.0623,-0.3703,0.5560,0.2123,-1.2866,-1.0765,0.8485,4.4764,12.8629,14.1406,5.5893,-0.7600,3.9290,0.0000,0.0023,-0.2196,0.8485,8.1799,0.4920,-0.5573,-0.5420,-0.7199,-0.4853,0.8240,1.1074,0.0479,-0.1260,0.0000,0.0000,0.0001,-0.1999,0.0734,0.2851,-0.1752,-0.1933,-0.2622,-0.2627,-0.0783,0.0374,0.0382,-0.3422,0.0000,0.0000,0.0000,-0.0000,-0.0336,-0.1129,-0.1004,-0.0784,-0.0302,-0.0268,-0.0130,-0.0078,0.0977,0.1412,0.0000,0.0000,0.0000,0.0000,0.0000,0.0000,-0.0014,-0.0037,-0.0019,-0.0022,-0.0014,-0.0009,-0.0005,0.0091
734.9706,-1790.3192,-164.6085,-760.7691,-37042.3750,-13564.0443,274804.7849,0.0000,354032.4223,-1923.7339,-28735.5979,-2454.9790,-70.2121,11.4838,-242.1763,-8.5208,1423.1759,8723.9982,-19485.1191,-114931.9984,-92119.8490,95832.9674,2928.4829,-122317.1341,-56846.8087,-7.5187,1527.3528,271.2629,-19.1607,21.9714,-423.1249,3404.7474,16256.0288,12063.0879,-31441.7819,-90729.0818,-110994.6498,-70121.2283,-9636.7682,6281.2947,2835.7650,128.8370,16.0826,-10.3277,-255.1116,-1064.0729,247.5769,7200.1289,14682.5583,18262.2567,12892.7258,15469.9604,14101.3740,8071.4071,2580.8777,72.5470,-0.2442,5.5637,23.9941,-144.8280,-863.8436,-1622.5535,-1227.3462,1464.2207,6967.7696,10904.0232,7124.8977,2870.2322,1101.7869,-22.2770,-0.4963,0.2706,10.2115,37.4534,37.8343,-120.0584,-505.2674,-1265.4790,-2075.2592,-2029.5870,-809.3963,-122.0147,-246.9817,-17.0257,-0.0899,-0.3960,-0.3246,3.9965,21.5106,52.6137,96.3649,-119.0130,-214.5332,-965.9473,-861.0470,-604.0943,-250.9861,-40.8141,0.0047,-0.1332,-0.4207,-0.8471,-1.5522,1.1714,17.6554,32.2621,15.9677,44.6624,-38.1183,-62.9757,-61.5078,-6.6024,0.0015,-0.0106,-0.2693,-0.0005,-0.1199,-1.1752,-2.1773,1.1463,5.4048,15.1741,26.9135,15.1912,2.3557,0.3311,0.0000,0.0040,-0.1166,0.1854,3.9104,-0.0030,-0.3850,-0.8025,-1.2360,0.5651,1.4517,1.7544,1.0273,-0.6812,0.0000,0.0000,0.0037,-0.1253,-0.1511,-0.1214,-0.2021,-0.0836,-0.2668,-0.4526,-0.2090,-0.1025,-0.0186,-0.2406,0.0000,0.0000,0.0000,0.0004,-0.0124,-0.0660,-0.0639,-0.0380,-0.0069,-0.0105,-0.0133,-0.0045,-0.0184,-0.0454,0.0000,0.0000,0.0000,0.0000,0.0000,0.0003,-0.0002,-0.0017,-0.0002,-0.0009,-0.0000,0.0009,0.0006,-0.0011
-792.3763,1967.8937,-943.3719,-1602.6253,-9958.6301,-51507.6255,12657.2671,354032.4223,0.0000,174020.1737,-15011.0256,-11230.1281,-3111.9144,29.7294,-103.0487,-860.7512,645.2570,5936.0786,8499.6083,-40556.2812,-130685.7252,-45753.3151,104423.1129,-44293.9792,-73923.2704,-19063.4168,-3279.5335,-24.1240,46.3205,-88.8180,-430.5268,97.6671,7147.1522,22079.6255,7950.1769,-57355.1086,-97920.2424,-118981.4677,-45981.7582,-721.3706,3020.4537,240.4035,0.2744,51.9844,-25.1004,-626.8647,-1622.6410,1169.3705,13119.4291,20725.5343,18957.6332,10238.8215,7145.6519,9289.6638,4883.8932,632.4413,-1.8591,-0.6380,21.5144,39.0483,-275.9646,-1457.9857,-2602.6474,-2462.2212,2906.2841,12303.0174,11078.7027,6267.8920,2409.5560,192.8755,-0.1289,-1.2884,-0.1278,17.9882,76.9968,115.7141,-187.7652,-1414.0372,-2507.0498,-1712.2542,-733.7573,-95.9402,-91.2661,-20.3178,0.0303,-0.0262,-0.6337,-1.6583,3.0545,50.5212,176.9823,-44.1190,-15.8644,493.2025,-840.0498,-885.8444,-419.3328,-64.6807,0.0072,-0.0104,-0.0193,-0.3724,-3.3595,-3.8556,36.3179,23.3000,-267.4160,-73.4206,-21.9757,-146.1757,-107.7441,-24.8178,0.0005,0.0146,-0.0878,-0.2230,-0.1353,-1.6840,-4.7241,9.4980,26.0435,8.7121,-7.4366,-4.5454,-2.4369,-4.5036,0.0000,0.0023,-0.0095,-0.2365,-0.2493,-0.1190,-0.3519,-2.0338,-2.5875,6.0657,9.9634,7.4195,3.1532,-0.9847,0.0000,0.0000,0.0028,-0.0244,-0.1669,-0.2183,-0.0475,0.0781,-0.4367,-1.1196,-0.3583,0.5306,0.8418,0.1006,0.0000,0.0000,0.0000,0.0003,0.0014,-0.0096,-0.0087,0.0232,0.0356,0.0043,-0.0572,-0.0755,-0.0112,0.0623,0.0000,0.0000,0.0000,0.0000,0.0000,0.0002,0.0004,0.0001,0.0008,0.0007,0.0009,0.0002,-0.0009,0.0021
60.2364,-764.0572,110.1708,127.3051,498.5440,-7841.3644,-35139.1598,-1923.7339,174020.1737,0.0000,81599.7687,-5450.1066,-3516.1155,-289.0938,29.8370,182.3681,248.1077,836.9021,5330.2951,5707.7003,-29557.6931,-119990.4581,-78755.6499,50493.0943,132.4353,-30018.8642,-11651.4641,-565.8710,-1.8810,17.6471,-114.5162,-444.9892,353.4450,7559.8621,20191.0481,16109.2276,-32643.8586,-90473.3916,-54919.7040,-16217.3211,-3310.6550,83.4107,-1.6559,-6.8628,-4.3362,-119.7853,-716.2030,-1471.9288,482.9896,10259.5213,20714.2356,12010.7932,-212.8174,3369.9639,3670.7031,789.3294,0.0820,0.6890,6.9714,27.2285,0.4379,-292.6374,-1285.6646,-2649.0340,-1437.3472,5049.1207,8014.5960,6043.6540,2835.4676,537.9364,0.0055,-0.0273,0.6738,4.6977,28.9963,59.3705,56.2470,-240.6008,-940.4268,-1643.2741,-917.0327,-16.3707,242.8111,61.7023,0.0092,-0.1368,-0.4159,0.7941,4.8342,1.4828,-46.9152,92.5029,85.1468,-345.6462,-499.2738,-524.8380,-350.8655,-46.9587,0.0058,0.0307,-0.1928,-0.6824,3.6430,6.5617,-68.5103,-19.8532,450.7841,-10.1624,-17.5937,-23.4423,-60.2131,-29.7245,0.0000,0.0150,0.0283,-0.2832,-0.9524,2.4031,12.0406,-20.1183,-54.8965,-49.4297,-15.5156,12.3585,6.2254,-3.7947,0.0000,0.0005,0.0185,-0.1124,-0.8174,-0.8152,-0.1373,4.3768,7.5941,-5.9309,-6.7387,0.4409,1.7520,0.0884,0.0000,0.0000,0.0008,0.0097,-0.0417,-0.0823,-0.2650,-0.6010,0.1323,2.3032,1.6871,0.2524,-0.2388,0.0152,0.0000,0.0000,0.0000,0.0001,0.0114,0.0121,0.0212,-0.0038,-0.0833,-0.0840,0.0424,0.1598,-0.1905,-0.5281,0.0000,0.0000,0.0000,0.0000,0.0000,0.0001,0.0003,0.0008,0.0004,-0.0012,-0.0028,-0.0009,0.0024,-0.0252
89.7306,-595.3642,-47.6105,119.7490,-229.2473,679.3775,-3567.6159,-28735.5979,-15011.0256,81599.7687,0.0000,38932.4500,5485.4320,-621.3678,17.2071,57.7193,114.9190,228.0379,1099.1049,4462.8069,5086.1080,-20210.2975,-70126.8605,-55929.8069,16539.1733,7724.4968,-5144.0845,-2186.2294,-2.3462,17.6266,-15.2994,-199.1793,-511.7967,92.5152,6476.5381,19821.8031,13820.7826,-21825.4625,-34277.3259,-17220.4000,-6642.1166,-804.8547,-0.4058,-4.0364,1.7174,1.0489,-143.8432,-786.7963,-1588.1370,435.9144,6794.5678,12233.0653,5229.6341,1131.7564,879.1755,603.6561,-0.0028,-0.3284,0.9463,11.8102,40.6804,35.5333,-249.8593,-1176.7329,-2059.7924,-312.5124,2202.6614,2847.6942,1766.6500,642.9420,0.0197,-0.0464,-0.4001,-0.3093,4.2128,27.8284,77.1736,85.5882,-105.2994,-668.8100,-784.8242,-72.0459,52.6646,65.9098,0.0006,0.0126,-0.1423,-0.5337,-0.9519,2.4420,17.2832,55.6253,75.6513,42.6717,-112.0258,-208.6853,-205.7637,-39.9431,0.0002,0.0065,0.0131,-0.1084,-0.7009,-0.2610,11.0947,-18.4642,-116.0876,4.9915,24.5480,7.0613,-16.6057,-19.5319,-0.0000,0.0025,0.0102,-0.0080,-0.0202,-0.5041,-1.1409,4.3022,5.4477,1.6397,6.3208,4.5187,4.0236,0.8538,0.0000,0.0000,0.0065,-0.0282,-0.2196,0.0064,-0.1529,-0.6028,-0.7278,1.5451,2.1498,0.3552,0.3294,0.5784,0.0000,0.0000,0.0001,0.0049,-0.0076,-0.0189,0.0077,0.0224,-0.1510,-0.4548,-0.1247,0.4079,0.7474,0.2680,0.0000,0.0000,0.0000,0.0000,0.0006,0.0031,0.0031,0.0079,0.0089,-0.0028,-0.0338,-0.0579,0.4043,0.7961,0.0000,0.0000,0.0000,0.0000,0.0000,0.0000,0.0001,0.0001,0.0002,0.0003,0.0003,-0.0010,-0.0021,0.0400
-88.6489,682.8604,-86.6490,-133.8362,249.1707,-10.6550,101.8069,-2454.9790,-11230.1281,-5450.1066,38932.4500,0.0000,12553.4448,406.0501,-38.9021,-353.6249,-178.2724,58.7220,-2.8612,870.4136,2511.4474,4228.8241,-8307.4422,-37107.3005,-11825.1247,13646.1628,7174.5942,-851.4788,10.8788,-17.9213,27.6441,-3.5031,-155.6990,-475.2613,249.6002,4994.7556,10708.9574,4922.0994,-10472.7115,-8739.5463,-3558.9024,-1261.8025,1.2903,18.3655,17.3357,14.4429,7.2930,-133.4915,-609.5819,-1068.2786,111.4605,4442.2426,4036.6736,907.2586,-215.0498,13.4469,-0.7055,-1.8321,-2.0435,0.2952,11.2773,35.6227,28.8298,-202.3575,-752.7135,-894.5709,-51.4188,740.7279,734.5286,396.3383,-0.0387,-0.4626,-0.9750,-0.8486,-0.2369,4.1299,22.1528,57.0414,58.0915,-129.5623,-317.6970,-47.8645,-19.8323,64.0864,0.0209,0.0478,-0.0284,-0.1739,-0.4575,-0.2124,1.2487,9.8664,24.5694,47.6499,8.3806,-43.6711,-73.7511,-13.5970,0.0002,0.0078,0.0066,-0.0639,-0.1354,-0.0315,2.1817,-1.3812,-14.5467,6.3683,11.3803,9.7564,-1.4369,-8.8612,-0.0000,0.0000,0.0036,0.0023,-0.0244,-0.1903,-0.4027,0.8081,1.2279,0.8348,0.5703,0.9336,2.5283,1.0564,0.0000,-0.0000,0.0010,0.0010,-0.0195,-0.0132,-0.1041,-0.2137,-0.2601,0.2518,1.0634,0.1157,0.1722,0.6806,0.0000,0.0000,-0.0000,0.0009,0.0007,-0.0038,-0.0109,-0.0223,-0.0855,-0.1440,0.1513,0.5438,0.7564,0.2771,0.0000,0.0000,0.0000,-0.0000,-0.0000,0.0007,0.0008,0.0017,-0.0004,-0.0079,-0.0178,-0.0093,0.3953,0.7101,0.0000,0.0000,0.0000,0.0000,0.0000,0.0000,0.0000,0.0000,0.0001,0.0001,-0.0000,-0.0005,-0.0009,0.0370
5.0937,-141.9306,4.3761,-43.3162,23.8205,7.6997,708.6753,-70.2121,-3111.9144,-3516.1155,5485.4320,12553.4448,0.0000,929.4452,3.7071,0.3678,0.4212,31.1241,-67.5732,14.0872,589.7056,1840.3371,-16.9681,-9532.3805,-10882.4582,3087.1977,4917.5801,855.8051,-0.0119,5.1897,4.5825,0.0406,-24.6106,-166.1295,-266.9524,797.4562,3684.5196,4727.8855,-2430.3053,-3028.6711,-1921.2801,-981.1480,-0.3024,-1.1036,-1.1752,0.2403,7.4972,-6.2541,-149.2050,-488.7144,-474.4030,1236.8578,1715.2370,832.3005,140.2190,-327.3137,0.0928,0.1080,-0.1168,-0.2797,1.7271,12.1639,26.2071,-16.9079,-220.0683,-449.0428,-249.5456,169.6712,375.1795,201.1151,-0.0150,0.1222,0.1502,0.2406,-0.6157,0.1873,5.6271,21.4488,34.9161,-14.5453,-113.8966,-22.1608,-18.5920,59.7219,-0.0026,-0.0328,0.0309,0.0158,0.2001,-0.3325,0.3982,-1.8773,6.2396,20.2182,17.0120,-5.6318,-27.9714,-2.9496,0.0003,-0.0044,0.0189,0.1104,0.0550,0.1896,0.0973,-0.3737,-1.7581,1.9648,5.1602,6.2407,-1.5503,-6.9410,0.0000,-0.0001,-0.0021,0.0031,0.0181,0.0562,0.3544,0.6919,0.6489,0.8993,0.5539,0.8592,1.3631,-1.8468,0.0000,0.0000,-0.0001,0.0003,-0.0064,-0.0161,-0.0024,-0.1424,0.3819,1.3645,0.0856,0.6079,0.5525,0.4717,0.0000,0.0000,-0.0000,-0.0000,-0.0016,0.0027,0.0066,-0.0075,-0.0576,0.2427,0.4255,-0.1119,-0.5445,-0.0205,0.0000,0.0000,0.0000,-0.0000,0.0007,-0.0002,-0.0007,-0.0009,0.0079,-0.0023,0.0229,0.1171,-0.4252,-0.9348,0.0000,0.0000,0.0000,0.0000,0.0000,-0.0000,-0.0000,-0.0000,-0.0000,-0.0001,-0.0004,0.0024,0.0044,-0.0437
0.0954,-7.2973,-3.7518,4.5733,3.7676,11.8241,-71.9135,11.4838,29.7294,-289.0938,-621.3678,406.0501,929.4452,0.0000,0.2705,0.5199,2.5839,0.1790,-2.8912,14.9635,19.5152,74.8481,226.5674,66.9312,-983.4889,-1386.4454,1.6887,437.9482,-0.0076,0.3140,0.0874,-0.3668,-3.0610,-10.8313,-39.1447,-56.4358,125.8726,648.5233,564.3229,-81.4844,-434.4268,-405.4452,-0.1772,-0.1183,-0.1619,0.2468,1.1042,2.4528,-2.9719,-38.6273,-100.5755,-47.2146,159.2847,261.5068,180.2347,-78.0229,0.0660,0.1309,-0.0408,-0.2809,-0.2814,1.2206,3.7263,6.5853,-4.6631,-52.4591,-71.6478,-18.3327,63.1873,52.5523,-0.0122,0.0856,0.1249,0.2462,-0.3998,-0.1926,0.3555,2.0106,4.8968,4.4973,-4.8503,-2.9939,-5.8033,9.3716,-0.0016,-0.0226,0.0340,0.0222,0.1924,-0.1834,0.4419,-2.0274,-0.0047,1.9014,4.1412,2.9240,-3.5469,-3.8191,0.0003,-0.0032,0.0154,0.0923,0.0560,0.1317,-0.2475,-0.2467,0.2189,0.0271,1.1290,1.5748,-0.1735,-2.2579,0.0000,-0.0001,-0.0018,0.0016,0.0170,0.0747,0.3468,0.3961,0.0126,0.3713,0.3552,0.4314,0.2504,-1.2530,0.0000,0.0000,-0.0001,-0.0007,-0.0065,-0.0092,0.0175,-0.0491,0.3497,0.8669,-0.2317,0.4193,0.3414,0.1274,0.0000,0.0000,-0.0000,-0.0001,-0.0013,0.0026,0.0070,-0.0011,-0.0205,0.2089,0.2646,-0.2100,-0.5634,-0.0861,0.0000,0.0000,0.0000,-0.0000,0.0005,-0.0002,-0.0006,-0.0008,0.0056,0.0001,0.0203,0.0846,-0.3949,-0.8294,0.0000,0.0000,0.0000,0.0000,0.0000,-0.0000,-0.0000,-0.0000,-0.0000,-0.0001,-0.0002,0.0018,0.0033,-0.0397
-32909.1038,-44241.8428,-2348.4531,2622.3772,1024.7370,199.9168,77.1146,-242.1763,-103.0487,29.8370,17.2071,-38.9021,3.7071,0.2705,0.0000,-32097.5921,-46343.8713,-57.1484,1412.2962,762.9746,173.9908,-16.4548,406.3877,278.8426,-6.4269,23.5203,-1.4438,2.3229,-55098.4986,-129276.2912,-46899.3610,-8526.6226,-4362.0943,-5929.7778,-6250.2409,-4902.4149,-3386.4415,1158.5189,336.1508,-65.3165,-8.1635,6.5479,-76591.7233,-31374.6712,2270.3307,570.9114,-1709.1535,-6093.7174,-8904.5729,-8866.8384,-3292.1366,1337.1201,531.6186,-125.8336,28.9686,-18.4849,12858.8691,17492.8293,5419.0727,5216.5955,-1806.8361,-3527.8542,-2594.0039,-6516.9895,-2555.8402,-13133.5862,-3509.4123,-897.5200,608.2683,42.2168,2154.3007,2789.1569,1318.3855,65.6576,2096.7533,-1635.1946,-924.2925,-3020.5518,-937.0796,-6099.0792,5314.4671,-652.4476,-621.9362,-32.0674,-481.9614,-633.0962,-277.2123,75.0087,330.2940,-116.3833,-832.5930,-739.9094,2553.6418,-2103.6216,-3894.4223,-1091.3261,135.1684,-163.1530,-22.1839,-96.0174,-61.6988,83.3867,187.3251,93.5977,-171.3610,-41.9661,-285.7896,-757.7487,649.2704,-424.7142,-186.3696,-60.7946,0.5262,4.1849,-30.5148,8.9094,71.4648,110.5028,267.3182,-23.9201,643.4168,-312.5723,-443.8427,-118.6817,-40.7838,8.1472,0.0000,0.4334,4.9614,-17.8173,-33.0308,-5.3985,92.8114,131.0544,248.4655,46.4644,-403.4277,21.4130,235.3038,8.4506,0.0000,0.0000,0.2213,4.1632,-7.9806,-1.1766,-5.8615,-6.3250,44.5045,151.7619,80.7173,-49.4702,11.2790,-1.4226,0.0000,0.0000,0.0000,0.0020,1.2341,3.6649,-2.1579,-8.8348,0.8766,4.8834,3.1284,-0.6218,4.1181,-0.6353,0.0000,0.0000,0.0000,0.0000,0.0000,0.0136,0.1047,0.2040,-1.0296,-0.3797,-1.5538,-2.9803,-1.2413,0.1726
-53525.4633,-2178.2474,-79583.8190,-8805.2944,7153.3755,1285.2295,367.7213,-8.5208,-860.7512,182.3681,57.7193,-353.6249,0.3678,0.5199,-32097.5921,0.0000,8084.1637,-110670.6541,-5206.0792,7355.4962,2105.1399,187.5672,-72.3918,914.4635,49.5547,161.0526,-52.7479,10.8449,-96555.5758,-31920.5661,-244677.0945,-93031.2397,-11408.0102,-10212.3654,-19055.3613,-14556.8668,-6552.7347,-6135.9923,-2218.1312,155.8347,136.0429,33.4984,15072.8141,-95375.6382,-55997.0704,-6903.4044,6356.8856,-386.5299,-6089.8994,-10083.0135,-16610.1900,-10347.2648,1400.9745,-1186.7953,-30.4051,-80.7643,5970.3832,17469.9478,23059.6279,18700.7648,11268.3822,4242.9561,-4326.8550,-9431.1950,-19107.9986,-6852.3871,-5635.7265,-1005.4718,-160.6381,-27.3708,-760.6228,2243.3489,5097.9714,2307.1147,2047.4636,1786.4385,681.3716,379.2552,-4394.3539,1103.9430,-4658.3469,-166.1454,-838.2670,77.5208,-246.7850,-941.8459,-1137.3389,-131.2221,157.2907,602.5472,-968.2731,974.0349,236.7744,-1388.2229,-694.0931,-298.5165,261.9971,-216.0569,16.2659,-32.3480,-190.0516,-182.1962,-40.4287,141.4781,324.7328,424.2329,226.6501,243.3248,-310.2479,-996.4228,-4.1593,-15.1939,0.4705,8.6354,4.5778,-27.5273,-89.4785,-67.6406,45.0974,232.0443,408.5852,248.6603,27.9663,-276.8574,-275.1170,41.3539,0.0000,0.1714,2.8773,2.7052,-17.9172,-53.5161,-70.7841,-46.2666,28.9303,142.1168,155.6879,-74.3312,-61.8530,-75.5875,0.0000,0.0000,0.0421,0.6417,0.6154,-6.0349,-8.4491,-27.0750,-37.7738,3.2209,41.9549,20.6315,-1.4338,-3.8912,0.0000,0.0000,0.0000,-0.0035,0.3331,0.3115,1.0316,-0.4954,-2.3772,-3.5618,5.0661,6.5108,4.3344,1.6825,0.0000,0.0000,0.0000,0.0000,0.0000,0.0045,0.0174,0.0462,0.0888,-0.0101,-0.0456,0.2121,0.2067,0.4552
-7661.6548,-86325.6483,19956.2536,-118406.2539,-25788.7923,5598.0413,4919.7901,1423.1759,645.2570,248.1077,114.9190,-178.2724,0.4212,2.5839,-46343.8713,8084.1637,0.0000,176544.9044,-192714.9570,-39227.5372,9812.9431,5402.5062,811.8655,752.2040,1120.5278,349.9351,-205.2958,-5.2920,9650.9655,-185838.2468,-23938.3038,-384327.1841,-188897.8685,-42945.5310,-792.5303,-17931.3839,-25346.3308,-12743.9565,-4730.6354,-792.5437,-177.7522,46.6545,8488.0435,17622.3056,-108111.0563,-104600.9966,-37623.8339,6870.5968,5574.5488,-1661.0568,-3407.2726,-9501.3993,-3153.6771,-1130.2433,-343.4666,62.2502,-963.7377,11728.5830,22844.7429,34043.0311,38432.2538,27711.5523,15801.3232,2430.1833,-783.5044,-399.3866,613.1177,-4392.6590,678.9503,-195.8231,-422.0544,-1452.8399,1733.4986,6145.9452,8619.9628,6800.5005,3626.5624,3183.8180,692.4440,-2318.9338,-1543.8631,385.2643,899.0341,-203.4495,23.5665,-415.4352,-1258.0158,-1521.7632,-1571.2697,-509.1279,-497.9952,174.1961,-92.6567,77.9374,-657.8901,-2090.1683,-861.1385,-645.0935,6.6088,33.8376,-47.7624,-264.9896,-414.7787,-542.2733,-143.7580,110.5329,235.8438,111.2704,754.8808,784.2874,-512.7371,-279.5607,0.0032,2.7984,12.5426,12.9243,-14.8740,-70.2965,-155.0449,-95.3975,31.2281,213.5654,92.0532,156.9906,231.2810,-122.8242,0.0000,-0.0785,-0.1945,4.5467,13.5302,-1.2237,-27.4147,-56.6001,-92.5849,-12.9606,60.5428,13.5958,35.8601,28.8600,0.0000,0.0000,-0.0654,-0.5118,0.7935,0.5522,-2.2357,-4.8152,-14.3044,-33.5827,-9.0520,15.5215,17.8371,8.1563,0.0000,0.0000,0.0000,-0.0061,-0.1810,-0.1454,0.2080,0.1665,0.9492,-1.2112,-3.4524,-2.3302,1.9653,3.8378,0.0000,0.0000,0.0000,0.0000,0.0000,-0.0038,-0.0028,0.0072,0.0571,0.0412,0.0341,0.0500,0.0113,0.3799
907.8141,-23710.3919,-109996.1329,55625.6235,-133449.4441,-51069.0214,421.9021,8723.9982,5936.0786,836.9021,228.0379,58.7220,31.1241,0.1790,-57.1484,-110670.6541,176544.9044,0.0000,450573.9801,-226523.8854,-85900.2840,-13173.7597,10177.2396,3349.1873,-745.6233,-87.2846,-20.4162,-7.6256,8635.8963,6051.1282,-354388.8041,191267.3999,-316706.3019,-318464.0237,-111597.5187,-31447.7064,-6783.6555,-9272.6607,-3349.2718,-1920.1020,-261.5659,20.9049,-727.2597,22258.5636,9460.2385,-118455.1546,-149138.8932,-104654.6978,-19335.6429,-554.5715,5762.7383,272.3222,-2821.1537,-2284.5651,20.8832,-113.8478,-693.8942,-1014.2140,17041.2495,23337.3769,27867.8892,38465.6553,37035.9770,29054.1289,18385.6541,3120.6796,-1300.9958,2123.0536,-1196.3993,196.7257,-13.1993,-916.3232,-1931.9264,2268.2102,10187.6638,12569.0289,11175.6543,8916.2736,4342.2447,539.7613,268.5038,-388.9400,-927.0542,10.9797,26.1816,25.1335,-585.2523,-1365.2427,-2148.6722,-1458.1806,-23.6956,394.8600,-166.3861,107.7078,203.6276,410.2420,-145.5087,67.3714,-0.1211,17.2822,46.0078,-67.7449,-259.2638,-552.6216,-832.5180,-703.7503,-101.6003,43.6394,294.0974,39.2877,9.7757,-95.6209,-0.0603,-1.1616,5.6301,21.2236,27.3001,6.1083,-63.2326,-134.1517,-186.4662,-71.3527,94.4518,108.9850,75.9235,-16.0223,0.0000,-0.1285,-0.8830,5.4893,10.7476,12.7465,3.6076,-3.4682,-30.3270,-59.1678,-19.5427,29.5427,19.3834,10.4707,0.0000,0.0000,-0.1355,-0.0385,4.2191,6.3842,1.8321,1.4109,-0.6991,-11.7420,-10.4915,-0.7922,3.8630,-4.2139,0.0000,0.0000,0.0000,-0.0143,-0.3158,-0.0977,0.0643,0.0474,0.5330,0.4004,-1.0289,-1.1855,0.8153,1.0623,0.0000,0.0000,0.0000,0.0000,0.0000,-0.0112,-0.0203,-0.0163,-0.0119,0.0163,0.0291,0.0186,-0.0001,0.1253
-1208.7263,-47.5200,-58187.6448,-105557.5335,88012.2196,-117233.5255,-72112.5450,-19485.1191,8499.6083,5330.2951,1099.1049,-2.8612,-67.5732,-2.8912,1412.2962,-5206.0792,-192714.9570,450573.9801,0.0000,784677.2160,-239443.1118,-187772.5307,-40357.1573,5954.8157,3442.9304,-342.3212,-391.3056,49.6868,794.3728,22347.7442,-34584.4528,-428759.7150,220406.8750,-224446.2653,-445823.9724,-249522.0755,-60934.8125,-5633.5128,-628.9430,705.9866,1718.4602,-143.9496,-828.0327,1305.7815,37048.6498,-16968.0428,-110569.6198,-166482.8497,-134395.4101,-78918.3619,-13086.0897,6036.4578,8233.6240,-667.7481,-962.2073,-313.7887,-95.0072,-1834.2037,-366.8432,23114.1858,31269.6533,24961.6761,36339.6960,54786.8113,54212.7452,24818.3682,4923.4626,-1464.1849,-2854.7894,164.4568,35.0555,-73.1529,-1465.1648,-2021.0618,1820.0716,9688.3237,13661.0052,16236.5057,11626.6391,7183.5404,1558.3352,11.8929,-674.1078,-276.6995,5.9862,61.0336,11.1023,-597.0804,-1727.9801,-2261.6344,-1866.0189,-1656.5135,-388.5420,-922.0586,-902.7238,116.2594,118.3129,-89.9193,-1.1773,3.8109,35.5494,51.6995,2.3823,-222.4219,-626.1420,-881.3581,-979.2658,-425.6114,20.6553,-170.3448,13.7726,125.2215,-0.0798,-1.4870,8.4923,6.5030,16.4896,38.5125,29.5849,-14.5022,-97.5548,-197.8707,-67.8316,35.8337,6.0302,1.2991,0.0000,-0.2683,2.7563,-2.7379,-137.8665,9.7765,9.9443,9.8315,11.6005,-16.8490,-29.6774,-5.6663,20.9180,7.0723,0.0000,0.0000,-0.3292,4.1619,11.5155,14.3955,10.9708,2.3881,0.6854,-0.3984,-2.4155,0.9351,4.0981,8.7436,0.0000,0.0000,0.0000,-0.0398,-0.1044,1.9602,2.0785,1.1971,0.3415,0.3672,0.1613,0.0510,-0.4977,0.5238,0.0000,0.0000,0.0000,0.0000,0.0000,-0.0295,-0.0273,0.0214,-0.0347,0.0361,0.0302,0.0134,0.0043,-0.0559
-2230.6987,-395.8999,-8242.9798,-85080.1157,-77161.0124,113462.4679,-94840.7096,-114931.9984,-40556.2812,5707.7003,4462.8069,870.4136,14.0872,14.9635,762.9746,7355.4962,-39227.5372,-226523.8854,784677.2160,0.0000,1155315.5701,-247968.1486,-282698.8871,-26598.8132,10173.8789,2190.2314,-12.9693,-32.1472,-362.7543,4713.3228,41006.4596,-108640.1206,-441567.7621,276842.1662,-125274.3392,-624662.9065,-433001.8747,-64537.1622,9845.3575,2368.2318,-35.9779,-252.0273,-199.8862,-1897.0769,6378.0494,42324.5141,-34843.9043,-133385.0118,-154300.5754,-205541.2859,-137669.5103,-13897.5170,19181.2740,7659.9834,-248.8693,-214.1227,22.9905,-423.2200,-2672.0627,2283.1207,26747.3586,35614.7250,28019.6474,45007.8992,64748.8382,56634.0229,20648.5515,3611.3092,-33.7949,-89.1010,12.7018,66.4101,-219.5537,-1682.1149,-2370.5862,1880.9462,8517.5168,15999.0375,17492.6931,14353.8503,5758.2207,-120.2305,-217.2394,-262.2575,1.6762,17.8935,77.1274,-16.0064,-660.5330,-1794.2591,-2719.2931,-3769.5535,-2464.5291,-1401.4761,-932.8108,-511.6947,-410.0690,-90.4368,-0.7651,2.8123,11.6610,41.7770,66.1414,14.8850,-167.0442,-489.0359,-963.0961,-1080.0967,-542.8624,-48.3388,-61.5441,-256.5790,-0.0943,-0.5995,12.6781,-7.4186,-3.6562,28.5189,33.4634,47.2848,28.8775,-80.8496,-109.2702,-37.6183,29.5489,-64.0217,0.0000,-0.3322,5.7467,-13.8700,-260.7109,2.3172,9.2216,2.0713,10.0791,7.4443,-2.3724,-9.6735,3.9468,12.2452,0.0000,0.0000,-0.4030,7.0623,13.0139,14.7357,15.5521,3.4370,0.3831,0.2359,1.0432,1.5844,0.1567,5.0346,0.0000,0.0000,0.0000,-0.0498,0.1850,3.5146,3.4988,2.1467,0.6223,0.3565,0.0969,0.2557,-0.1322,-0.3256,0.0000,0.0000,0.0000,0.0000,0.0000,-0.0365,-0.0185,0.0628,-0.0307,0.0601,0.0351,0.0135,0.0092,-0.0302
-461.8992,-2010.7808,2920.0992,-28793.0687,-122101.7967,-14184.5009,69595.9221,-92119.8490,-130685.7252,-29557.6931,5086.1080,2511.4474,589.7056,19.5152,173.9908,2105.1399,9812.9431,-85900.2840,-239443.1118,1155315.5701,0.0000,1415834.4815,-15763.5695,-203057.7280,-15022.5760,8703.1662,2440.2946,-155.5983,-137.7339,231.4939,17485.9506,33103.8588,-214603.7738,-428601.2079,218810.1720,-235488.3663,-688431.5741,-336751.0385,-14875.9610,12667.2239,3574.7282,-103.1321,-25.3315,-848.5751,-2080.0476,18393.4691,41735.2889,-59355.7430,-134360.5218,-223925.6952,-244149.9448,-117225.7387,10395.6765,13773.8076,3302.0729,-157.1500,12.2987,-32.2569,-1158.5162,-3241.1524,7461.4600,32979.4180,45350.6548,49931.0457,53737.7102,74426.9096,41447.4490,14116.1105,1690.8096,130.7997,2.4902,36.5552,72.1908,-587.9579,-2453.6419,-2768.2709,959.3963,9365.9966,15340.0258,19931.4845,13266.2010,911.2036,814.9936,-30.0980,-0.3081,2.5342,37.7178,84.2491,-67.9324,-905.0799,-2728.3645,-2017.4893,-4814.1826,-2959.1803,-1740.5995,-862.1844,-261.5140,-115.9603,-0.4577,-0.3020,0.2448,11.4964,40.1574,100.7452,77.8175,-302.1946,-817.9215,-1215.5438,-1047.4403,-454.5926,-149.0031,-75.9797,-0.0287,-0.8825,3.0950,6.1940,4.0728,4.8058,21.4904,62.3954,90.6664,44.2029,-54.1792,-78.6603,-17.9220,-1.2885,0.0000,-0.1325,0.4723,5.2137,-23.7518,8.2112,-0.7413,-2.9920,3.7560,13.2754,14.2754,1.5933,2.0673,20.1335,0.0000,0.0000,-0.1796,1.2724,7.4299,10.4144,5.5554,0.2721,-0.4586,-0.7660,0.8229,1.4367,0.0482,3.3788,0.0000,0.0000,0.0000,-0.0220,-0.2256,0.4954,0.6312,0.1285,0.0195,-0.0527,-0.0664,0.1004,-0.0255,-0.2773,0.0000,0.0000,0.0000,0.0000,0.0000,-0.0160,-0.0225,-0.0073,-0.0279,0.0057,0.0018,0.0013,0.0031,-0.0107
-1016.3296,106.6516,2768.1930,4292.4072,-58407.7006,-156626.9105,-13736.6733,95832.9674,-45753.3151,-119990.4581,-20210.2975,4228.8241,1840.3371,74.8481,-16.4548,187.5672,5402.5062,-13173.7597,-187772.5307,-247968.1486,1415834.4815,0.0000,2046988.4227,-90972.6084,-157459.6307,-2261.8340,3247.0146,493.0232,27.5741,-204.9636,3964.3980,36026.0894,17540.1364,-352800.3354,-480185.5520,430613.2904,50779.2955,-730666.2474,-247585.1912,13283.1448,11764.7041,483.5677,-6.4927,-261.7053,-2191.8540,1201.3796,34384.0964,48392.2165,-89609.5112,-208997.9838,-180924.6439,-275452.6683,-99702.6526,17311.5732,14538.0719,527.6801,1.4920,24.6373,-250.9080,-2487.1643,-3087.8562,10848.1895,40840.8977,60529.9548,46709.7923,67339.3376,62115.3465,36547.5299,11043.1365,886.1960,-0.3687,11.0081,75.7198,-14.2103,-1070.5706,-3131.5081,-3812.0274,3034.1536,11166.8368,20877.5087,18261.6423,2502.3282,4781.8783,145.7781,-0.7167,-1.4047,8.8216,51.9493,112.9839,-128.5731,-1299.7918,-2580.0880,-5275.4719,-4638.5968,-1724.5370,-366.0258,-107.8169,5.5442,-0.1845,-1.1278,-2.5288,-2.4066,7.3001,71.3035,127.2109,44.4408,-231.6120,-1030.2182,-1231.1858,-743.8729,-389.8624,-61.1968,0.0030,-0.5766,-1.2191,6.7090,4.1673,-5.4380,1.1683,28.6992,77.4314,102.7272,19.8250,-70.2304,-64.5749,-3.8288,0.0000,-0.0147,-1.2608,7.7082,52.3711,5.7462,-3.3540,-4.1861,-3.1953,6.3025,16.4365,11.9270,3.5553,6.9895,0.0000,0.0000,-0.0340,-0.9719,2.2550,4.1646,0.0128,-0.9821,-0.8952,-1.0493,-0.2960,0.7813,0.3808,0.7836,0.0000,0.0000,0.0000,-0.0041,-0.2426,-0.5934,-0.5246,-0.5879,-0.1984,-0.1603,-0.0885,-0.0162,-0.0564,-0.2613,0.0000,0.0000,0.0000,0.0000,0.0000,-0.0029,-0.0130,-0.0240,-0.0159,-0.0127,-0.0086,-0.0032,0.0001,-0.0073
-1351.7756,953.7744,-1045.1237,2831.0501,-11530.4412,-85809.2151,-120707.8412,2928.4829,104423.1129,-78755.6499,-70126.8605,-8307.4422,-16.9681,226.5674,406.3877,-72.3918,811.8655,10177.2396,-40357.1573,-282698.8871,-15763.5695,2046988.4227,0.0000,1034131.4159,-117550.5464,-59814.0587,-3704.5124,897.6042,52.5335,48.0423,-476.2791,13181.3758,51399.0528,-28549.2874,-426415.6875,-548652.1324,262222.6023,-114787.0399,-328970.2836,-82427.9180,-545.8106,1308.8095,-24.5614,-85.8436,-851.0228,-3133.3450,7814.3339,47729.7388,46294.9569,-98597.2628,-179458.5771,-252338.6828,-179660.3348,-38138.0270,6836.0869,2038.2531,0.4944,10.6750,22.8429,-801.8924,-3663.3517,-3621.9815,13688.4765,53641.7440,74456.6875,55957.2471,34053.7948,32612.5860,11230.2944,2229.1356,0.0209,2.9835,32.2734,99.1664,-108.2540,-1478.9524,-4312.8648,-4237.1738,2013.7915,16243.6189,20053.6560,2905.6392,8416.1597,614.3916,-0.3583,-0.9052,0.3268,16.7383,83.5618,160.1198,-18.6690,-2728.4847,-4467.7742,-5473.1296,-2311.2338,662.6638,1205.2422,161.7074,-0.0309,-0.5715,-1.4047,-2.7987,-4.0236,21.9721,97.3746,266.0004,123.5475,-742.7609,-1173.2628,-775.0838,-442.7638,-105.5221,0.0051,-0.1475,-1.0816,1.4689,0.6482,-4.6079,-8.2738,4.3338,54.0289,95.4146,58.3080,-28.6951,-84.5843,-49.6337,0.0000,0.0098,-0.6195,2.1372,23.1229,1.0658,-1.7931,-3.3738,-5.4569,2.9323,15.8186,17.1403,6.8411,-7.0747,0.0000,0.0000,0.0058,-0.5891,-0.0756,0.3705,-0.7574,-0.7711,-0.7555,-0.4144,-0.8534,0.5424,1.1993,-0.4044,0.0000,0.0000,0.0000,0.0007,-0.0857,-0.3218,-0.3318,-0.3027,-0.1252,-0.0799,-0.0404,-0.0937,0.1116,0.2087,0.0000,0.0000,0.0000,0.0000,0.0000,0.0006,-0.0029,-0.0098,-0.0049,-0.0067,-0.0049,-0.0034,-0.0014,0.0132
-87.7712,-891.7310,-2223.8330,1778.7203,1634.9561,-9230.6237,-78118.1426,-122317.1341,-44293.9792,50493.0943,-55929.8069,-37107.3005,-9532.3805,66.9312,278.8426,914.4635,752.2040,3349.1873,5954.8157,-26598.8132,-203057.7280,-90972.6084,1034131.4159,0.0000,549743.7079,-68679.2793,-27623.0447,-1253.7559,-3.5092,71.5772,-518.6112,730.3199,15237.9893,54283.7810,-31640.3522,-425542.1692,-516780.2016,35031.4505,-13072.4566,-113618.3657,-38441.1065,-298.6865,-13.1366,-39.4454,-163.7446,-1250.4743,-2527.0492,9547.9056,49669.9918,59714.5689,-50522.9910,-190953.5746,-164222.3340,-86792.9373,-22352.1421,336.6379,0.0062,-0.5222,23.7031,-55.8177,-1156.6595,-3995.2057,-4042.5881,13614.8301,51492.0613,60119.1865,28220.5216,17862.8518,5497.4980,1770.5615,0.1266,0.3287,5.7935,41.0460,96.8893,-177.8058,-1643.5438,-4865.9846,-6144.0258,5906.4528,13297.0186,2723.5572,8761.2462,1630.7955,-0.0517,-0.1871,-0.8308,1.4880,27.2008,104.9487,217.3259,-574.0557,-1658.2878,-3876.9655,-2962.4167,-147.8613,1367.0331,601.0850,0.0083,-0.0782,-0.3155,-1.3689,-3.7935,6.0994,50.6119,43.7258,-46.4541,82.2954,-704.4031,-701.9817,-460.8228,-1.7725,0.0013,0.0171,-0.2391,-0.5597,-0.9774,-2.9731,-1.3150,16.8298,-4.9833,-7.9702,35.0391,-9.0000,-62.5812,-50.6849,0.0000,0.0043,-0.0512,-0.4339,0.0785,-0.6981,-1.4946,-1.8091,3.8241,3.5422,-1.7617,4.2335,3.9019,-9.7969,0.0000,0.0000,0.0047,-0.0744,-0.3279,-0.3947,-0.3002,-0.5673,-0.7591,1.0642,1.2013,0.9815,0.8407,-0.5958,0.0000,0.0000,0.0000,0.0005,0.0048,-0.0308,-0.0344,-0.0068,-0.0499,-0.0805,-0.0487,0.0038,0.0743,0.0525,0.0000,0.0000,0.0000,0.0000,0.0000,0.0004,0.0005,-0.0002,0.0004,-0.0010,-0.0024,-0.0032,-0.0021,0.0018
